150 48
s 1 4 8 10 20 42 21 22
s 3 2 1 23 40 42 67 110 125
s 4 5 3 17 20 42 40 67 111 125
s 2 8 7 10 40 42 67 75 101 111 124
s 4 2 1 16 40 42 43 67 101 111 124
s 3 2 6 20 42 40 50 67 75 100 121 124
s 1 2 3 4 23 40 42 50 66 76 99 122 124
s 1 5 8 20 40 42 49 66 69 77 97 98 99 122 124
s 5 6 7 10 33 42 39 48 66 67 78 79 80 107 123 124
s 1 2 3 4 20 42 67 70 71 72 73 74 75 80 120 124 126
s 2 7 6 15 42 32 43 47 68 75 81 82 83 84 96 120 126
s 5 4 3 15 31 42 38 46 58 60 61 68 84 93 94 95 120
s 1 4 8 24 42 25 26 27 28 59 62 63 68 92 94 105 106 120
s 3 2 1 14 13 42 44 45 58 64 65 68 85 92 105 120
s 4 5 3 21 20 42 41 44 66 68 86 92 105 120 126
s 2 8 7 12 42 30 29 58 66 69 87 92 104 120
s 4 2 1 20 37 42 66 69 88 89 104 120 126
s 3 2 6 17 33 42 66 69 90 102 103 120
s 1 2 3 4 11 17 42 30 69 33 111 110 120
s 1 5 8 19 34 35 42 50 51 69 52 53 126
s 5 6 7 11 18 36 42 53 58 69 91 92 127
s 1 2 3 4 30 42 54 56 57 58 69 112 113 114 115
s 2 7 6 30 42 55 69 100 116 117 118 128
s 5 4 3 9 42 108 119 145
s 1 4 8 10 20 42 21 22 129
s 3 2 1 23 40 42 67 109 130 144
s 4 5 3 17 20 42 40 67 130 143
s 2 8 7 10 40 42 67 75 131 142
s 4 2 1 16 40 42 43 67 131 141
s 3 2 6 20 42 40 50 67 75 100 141
s 1 2 3 4 23 40 42 50 66 76 99 141
s 1 5 8 20 40 42 49 66 69 77 97 98 99 141
s 5 6 7 10 33 42 39 48 66 67 78 79 80 141
s 1 2 3 4 20 42 67 70 71 72 73 74 75 80 141
s 2 7 6 15 42 32 43 47 68 75 81 82 83 84 96 141
s 5 4 3 15 31 42 38 46 58 60 61 68 84 93 94 95 141
s 1 4 8 24 42 25 26 27 28 59 62 63 68 92 94 141
s 3 2 1 14 13 42 44 45 58 64 65 68 85 92 141
s 4 5 3 21 20 42 41 44 66 68 86 92 140
s 2 8 7 12 42 30 29 58 66 69 87 92 140
s 4 2 1 20 37 42 66 69 88 89 139 140
s 3 2 6 17 33 42 66 69 90 132 133
s 1 2 3 4 11 17 42 30 69 33 134 145 146 147
s 1 5 8 19 34 35 42 50 51 69 52 53 135 147
s 5 6 7 11 18 36 42 53 58 69 91 92 135 148 149
s 1 2 3 4 30 42 54 56 57 58 69 136 150
s 2 7 6 30 42 55 69 100 137
s 5 4 3 9 42 138
